time,x,y,z,phi,theta,psi,x_velocity,y_velocity,z_velocity,phi_velocity,theta_velocity,psi_velocity,rotor_speed1,rotor_speed2,rotor_speed3,rotor_speed4
0.06,-3.10755527729e-07,4.716875243e-07,10.0056861284,0.000369306193782,0.000263671042457,0.0,-2.69352591056e-05,3.95481051973e-05,0.189524461079,0.0162620346437,0.0119866903288,0.0,464.8035045995943,465.7417192107979,462.96214549185305,464.23960102410547
0.12000000000000001,-1.22665809871e-05,1.53162149509e-05,10.0221860067,0.00126068321139,0.00181174115928,0.0,-0.000509084152572,0.000560464622901,0.360432259635,0.011885256129,0.0445767913432,0.0,457.0965671065254,459.68604807107846,459.58745835034676,459.24037334043635
0.18,-9.07141265089e-05,7.78051599991e-05,10.046918157,0.0016495232891,0.00410269174885,0.0,-0.002365211772,0.00158213054939,0.463935029551,-0.00744186229088,0.0206116211791,0.0,439.43598304436784,437.44589959856705,438.6911688427884,437.08358976559504
0.23999999999999996,-0.000334829062872,0.000209350033373,10.0805256066,0.000927789544032,0.00477383706527,0.0,-0.005901968766,0.00273741285285,0.656221731309,-0.0232978813861,-0.025014164172,0.0,468.06034371311733,464.496501234395,465.3732676226594,464.13079015344346
0.3,-0.000780506164947,0.000387130322552,10.122598033,6.28244414078,0.00286522551342,0.0,-0.00878802541245,0.00303646378443,0.746138381584,-0.0388714818034,-0.0510455529137,0.0,434.94530165617647,432.75944087251025,435.0993444114009,433.79347445183623
0.36000000000000004,-0.00134638451264,0.00054994662014,10.1663906155,6.28035285632,0.000100725277332,0.0,-0.00983583610243,0.00220933215456,0.713635752546,-0.0278375141957,-0.0376354507721,0.0,392.6905841682848,393.9307894484425,392.57854826504695,393.6001820782083
0.4200000000000001,-0.00192799139094,0.000598837455753,10.2182329908,6.27881529055,6.28071321699,0.0,-0.00923683229882,-0.000789751258748,1.0142251207,-0.0215348346372,-0.0562554751195,0.0,497.60225514120026,496.2366165932893,496.93473005922925,497.39640454508435
0.48000000000000015,-0.00242687838298,0.00046949210751,10.2793244537,6.27802142326,6.27688845095,0.0,-0.00708121268614,-0.00361058905234,1.02214833537,-0.000360543456113,-0.0861792268128,0.0,408.54021576519943,405.8598640517414,407.2611788001772,409.1505237571489
0.5400000000000001,-0.00272735505956,0.000164379530987,10.3401378769,6.27814738081,6.27138114124,0.0,-0.00248545728994,-0.00655513118965,1.00497758427,0.00661392114803,-0.106406549025,0.0,399.5430845142216,397.686434238508,399.23938701706624,399.87512450505994
0.6000000000000002,-0.00259405565525,-0.000336992186294,10.4045273695,6.27828521898,6.26501627038,0.0,0.00761153041681,-0.0101259323023,1.14120305918,-0.00815404958425,-0.10543880021,0.0,449.30907621820853,449.3777963434679,449.85067903500334,448.65336265628395
0.6600000000000003,-0.00172940122566,-0.00104995174252,10.4764425914,6.27758040136,6.25887661837,0.0,0.0218566034191,-0.0136996712412,1.25583816679,-0.0201273126327,-0.0967403029851,0.0,441.81858389463815,442.52590493943933,444.07400705539106,443.0909875015877
0.7200000000000003,0.000148798351475,-0.00200170144682,10.5564581044,6.27666953307,6.25272420923,0.0,0.0414001450344,-0.0181392551708,1.41114829608,-0.00677491689789,-0.117837123717,0.0,456.6746859342423,454.97981993446206,455.1494509079746,456.21680343065117
0.7800000000000004,0.00329655982186,-0.00322743886391,10.6443903841,6.27669634705,6.24646302465,0.0,0.0642004070197,-0.0227341999313,1.51976615883,0.0119648437527,-0.0859020978336,0.0,440.29877321082876,442.9224748311781,441.06003456402,442.6048939528342
0.8400000000000004,0.00780399066608,-0.00470223837566,10.7353363206,6.27706184899,6.24224592354,0.0,0.0864412853002,-0.0263758818806,1.51175974351,-0.00949169069911,-0.0498786731201,0.0,401.5459213456324,404.795422986689,405.1872765070755,403.2538018735568
0.9000000000000005,0.013877303226,-0.00641796400216,10.829753962,6.27615226037,6.23958140314,0.0,0.11629162394,-0.0308881536419,1.63531150941,-0.030000380925,-0.0352540192897,0.0,446.1409070350935,447.33211952028086,447.6176752141417,445.945773149824
0.9600000000000005,0.021865518008,-0.00843991191633,10.9331757241,6.27474123342,6.23751459373,0.0,0.150206934413,-0.0366872762437,1.811803309,-0.0129691555642,-0.0328797441752,0.0,463.54218442614473,463.7282674417731,462.38689479786234,463.7264858684524
1.0200000000000005,0.0317415455171,-0.0108021745645,11.0429761998,6.2740007314,6.23515059437,0.0,0.179186564269,-0.0421245125207,1.84814214175,-0.0111154514348,-0.0574783700444,0.0,421.7035089146663,419.5723798387696,418.78074670416385,418.9420573234663
1.0800000000000005,0.0435612839931,-0.0135339759787,11.1581549916,6.27295225736,6.23194969192,0.0,0.21515106336,-0.0490209430028,1.99089092422,-0.0349096130032,-0.0461590185328,0.0,453.4229990530017,454.32954601700027,454.7763902878697,452.86664704575674
1.1400000000000006,0.057549439126,-0.0166967610461,11.2807977863,6.27073636346,6.22936834087,0.0,0.251384197088,-0.0566244377477,2.09699236055,-0.0413165242344,-0.0373917692354,0.0,442.0472396379123,442.76802036144466,443.8936712050126,443.3669795230649
1.2000000000000006,0.0738171459502,-0.0203762468623,11.4107977886,6.26812236215,6.22724877524,0.0,0.291091393769,-0.0662954480324,2.23605748404,-0.0484950255784,-0.0314862433074,0.0,453.46577314527053,453.9393688789251,454.02239265668965,453.44508102681976
1.2600000000000007,0.0924797784062,-0.0246853828283,11.548570819,6.26560702745,6.22551020678,0.0,0.331170419289,-0.0776205351035,2.3561156919,-0.0312564090267,-0.0243778075359,0.0,448.06346540237985,448.6407293313743,447.8402421610712,449.2391588569467
1.3200000000000007,0.113739695435,-0.0297729585022,11.6962863697,6.26381354782,6.22495267817,0.0,0.377571881784,-0.0921741658817,2.56726821552,-0.027292546413,0.0106526872122,0.0,474.9667012169428,477.64568619466326,476.48399847190194,476.78670679771403
1.3800000000000008,0.137480002686,-0.0356716236569,11.8513714832,6.26212795367,6.22594537237,0.0,0.413686072325,-0.104599982985,2.60215302748,-0.0297444499338,0.0262908569477,0.0,421.5660357961606,422.91507228459875,423.3371449682652,423.1258631068641
1.4400000000000008,0.16371533486,-0.0424794066849,12.0146930853,6.26012639495,6.2273007482,0.0,0.460606951716,-0.122544783402,2.84133447706,-0.0417981842345,0.013910644271,0.0,486.2764681907868,485.3481954376531,486.0414261573433,485.1368658867097
1.5000000000000009,0.192424371082,-0.0502862194227,12.1868171724,6.25777697449,6.22868708874,0.0,0.496238369566,-0.137910213173,2.89599299861,-0.0343395399935,0.0370371904039,0.0,429.50241077005705,431.4594332811684,430.5193710900409,431.1491663398319
1.560000000000001,0.223623226256,-0.0592421184845,12.369332407,6.25524141345,6.23157415319,0.0,0.543335307518,-0.160888147082,3.18708523718,-0.0669597096438,0.0641481986032,0.0,501.18465672778194,503.1522707112363,502.5795406971382,500.20867735178354
1.620000000000001,0.257372424103,-0.0695467482747,12.5655877376,6.25106641957,6.23618246057,0.0,0.581124627206,-0.183044233403,3.35428936433,-0.0754244011247,0.0944539056663,0.0,465.5225583856069,467.89206447371237,468.80901213956065,468.1473877949918
1.680000000000001,0.293282541527,-0.0812801803256,12.7720101593,6.24764455098,6.24176766723,0.0,0.615213624937,-0.208485760665,3.52595609701,-0.0343299763628,0.0902040912788,0.0,468.9718166423965,468.64841604674905,469.35640539224863,472.5324430538336
1.740000000000001,0.331135775967,-0.0946344120816,12.989414251,6.24542236055,6.24807369855,0.0,0.645836248897,-0.236882118324,3.72025262274,-0.0430872918084,0.124863851878,0.0,476.1408457994944,478.79346133953186,478.0036638578215,477.3352649128422
1.8000000000000012,0.370523389334,-0.109582937332,13.2141882548,6.24288413065,6.2558196342,0.0,0.666344158274,-0.261640182231,3.77206506811,-0.0407816503363,0.136443519455,0.0,435.1293273720273,436.1132160066523,434.57913508607993,434.77134792092056
1.8600000000000012,0.411006079249,-0.126093666047,13.4427640488,6.24001843123,6.26367686643,0.0,0.682270042037,-0.28896407611,3.84689649832,-0.0677974747738,0.116759813229,0.0,444.0181571607043,442.4158408731894,443.4999134789332,441.2736246980757
1.9200000000000013,0.45235535613,-0.14446465659,13.6794119511,6.23571812794,6.27032571407,0.0,0.695221804197,-0.323857279528,4.04069927568,-0.0808311146721,0.0949839209474,0.0,480.0065300770756,478.36074119118024,480.08115606705235,479.08752466150713
1.9800000000000013,0.494294191242,-0.164892191504,13.92477363,6.23138145347,6.27653682667,0.0,0.702117982888,-0.357507181266,4.13766585356,-0.0591109928911,0.116660399791,0.0,451.12271190975747,452.87866069620526,450.441583803004,452.19063731191085
2.0400000000000014,0.536518305147,-0.187485406034,14.1771220691,6.22750660108,0.000927071576584,0.0,0.70455286615,-0.395969836323,4.27344133644,-0.0787178048384,0.140646230452,0.0,463.00093759752724,464.89776412495604,465.328820651654,463.78828985557845
2.1000000000000014,0.578722808719,-0.212332880467,14.4350957352,6.2229559405,0.00938974945257,0.0,0.701451322546,-0.432708998913,4.32546834473,-0.0706438134993,0.141828859343,0.0,439.80465030886427,439.9213310108108,438.5454614943613,439.2110236907842
2.1600000000000015,0.620559546339,-0.239561049371,14.6976629557,6.21834712735,0.0173876831794,0.0,0.69224590272,-0.475321420174,4.42635915511,-0.0934955208641,0.104901418627,0.0,456.96611662135757,454.02772140399316,455.68110798883595,453.8457344287118
2.2200000000000015,0.661704712324,-0.269378010246,14.9652402441,6.21309469434,0.0233854144275,0.0,0.678659677917,-0.519085386285,4.49258111244,-0.0777135018778,0.0875976790285,0.0,445.7869937326794,444.3791240378674,444.7196475792744,446.00414324539474
2.2800000000000016,0.701901004228,-0.301974234749,15.2375288126,6.20830951002,0.0288445398281,0.0,0.660681568217,-0.567905263521,4.58329513134,-0.0841777765106,0.0970170557022,0.0,453.29875720310696,454.06185855595254,453.5923935829105,453.06792146584445
2.3400000000000016,0.741032941225,-0.337272257873,15.5109531274,6.20344236221,0.0351622830655,0.0,0.643220208549,-0.609105780796,4.53101057633,-0.0756162956374,0.11812748275,0.0,406.89697553472524,408.79325848445205,407.3743436562257,408.1332868860371
2.4000000000000017,0.779009213841,-0.375123785088,15.7812853961,6.19889143773,0.0424035744816,0.0,0.622071612605,-0.652991054487,4.48021336063,-0.0763174547033,0.12536797043,0.0,407.7515144950779,408.41244318805684,407.84984472982813,407.782109943805
2.4600000000000017,0.815346997197,-0.416168449713,16.0542563706,6.19407272219,0.0499925523635,0.0,0.58839368443,-0.715621143513,4.61818661471,-0.0898130085579,0.128622453796,0.0,468.4819375472362,468.74860784946765,468.31816017373603,467.2622381424662
2.520000000000002,0.849537870107,-0.461007374921,16.3346942735,6.18827754594,0.0575104696801,0.0,0.550531007572,-0.779540789226,4.72918620201,-0.115706639404,0.117656256921,0.0,461.69485613034726,460.84233277722694,462.4586505736573,460.4063347910488
2.580000000000002,0.881129570626,-0.510088109813,16.6246669958,6.18158605726,0.0642716577663,0.0,0.501758920895,-0.857196929608,4.93555443511,-0.104259900507,0.100225336619,0.0,490.83899527946255,489.5534033823091,490.8073380271651,491.64644236464613
2.640000000000002,0.909831916213,-0.563680541414,16.9240434611,6.17513188057,0.0698829666091,0.0,0.454413990557,-0.929819764491,5.04305329292,-0.115175689329,0.0746956790636,0.0,464.30186673117777,462.30111015348956,464.16536648762616,463.29809260951714
2.700000000000002,0.935717069577,-0.621559749177,17.227955871,6.16850150537,0.074604891302,0.0,0.40801255043,-1.00009534773,5.08702188289,-0.102511465647,0.0856926639599,0.0,445.43450884976835,446.3379248827408,443.69065663288893,444.7184137202494
2.760000000000002,0.958527739093,-0.684078854057,17.5370683638,6.16295225782,0.0811380801201,0.0,0.351749129118,-1.0844184426,5.21597930916,-0.0776164482458,0.134993020921,0.0,470.7799976629172,474.5883078494634,470.28319812662755,472.200806013757
2.820000000000002,0.978139451457,-0.75129416058,17.8499685043,6.15843156518,0.0888850941958,0.0,0.301282386443,-1.156487897,5.21388539684,-0.0711524331452,0.11354680465,0.0,433.7029275293779,431.913074117424,431.929300652,432.4695382696332
2.880000000000002,0.994230722507,-0.82341068874,18.1666741913,6.15463690252,0.0954237376808,0.0,0.234441500883,-1.24774105824,5.34220028802,-0.0508646509401,0.097774686476,0.0,474.07606150326376,472.8720130934839,472.98011250522575,474.5374466004285
2.940000000000002,1.00633930171,-0.900861266002,18.4893678877,6.15176371022,0.101372792577,0.0,0.168641823723,-1.33418795861,5.41375846131,-0.0425133652393,0.101768363352,0.0,458.66726349060355,458.99248436856703,456.5934559575209,457.25799374191433
3.000000000000002,1.01428707394,-0.983676356239,18.8172478378,6.1491367492,0.107445460185,0.0,0.0957220316182,-1.42651264458,5.51491353088,-0.0464496733584,0.100073628972,0.0,467.8615994231683,467.737910473126,468.34395869830666,468.0366791293343
3.0600000000000023,1.01810382232,-1.07163273348,19.1478147459,6.14599686903,0.113966344469,0.0,0.0309687707899,-1.50562335055,5.50386611474,-0.0679365142136,0.121910592221,0.0,433.04866545290986,434.89243623082865,434.9210605912,433.1153380986427
3.1200000000000023,1.01758632422,-1.16479095635,19.4805438742,6.14211933294,0.120947510779,0.0,-0.0488743229221,-1.59998255965,5.58646819159,-0.0587153207796,0.101919002052,0.0,464.80075473152306,463.2423836922743,463.6349835851112,464.35612499911423
3.1800000000000024,1.01223824474,-1.26357764637,19.8174278758,6.13901641367,0.126866934571,0.0,-0.129919870671,-1.69317740002,5.64249906489,-0.0404883704802,0.0911772285457,0.0,457.76655224127256,456.91883902298036,456.10256052868635,457.55445947949886
3.2400000000000024,1.0013441107,-1.36865553011,20.1620487096,6.13668198939,0.132641618748,0.0,-0.233725554316,-1.80954336247,5.84359076226,-0.0359191959781,0.104821530711,0.0,500.6376266506312,501.6362408763913,501.3683273164299,501.6996766299426
3.3000000000000025,0.984955602332,-1.47982214838,20.5122861056,6.13432947184,0.138935032948,0.0,-0.313085384548,-1.89621221505,5.83083542197,-0.0467660707581,0.105027180766,0.0,438.9851671091661,439.01198869697026,439.1402770279062,438.23859120118743
3.3600000000000025,0.963243338172,-1.59671306691,20.8649132665,6.13169965812,0.145899212698,0.0,-0.411242470231,-2.00034735135,5.92264489334,-0.038525984215,0.132051933594,0.0,471.58365216285995,473.6776948930911,471.24403388025837,471.87969963076586
3.4200000000000026,0.935710133884,-1.71968675495,21.2215798727,6.12953432908,0.15353744379,0.0,-0.507207212677,-2.09894507768,5.96572609649,-0.0316136910212,0.115549665493,0.0,459.3973352351502,458.1007778367283,458.27795969264326,458.8266260588444
3.4800000000000026,0.902229205395,-1.84866655882,21.5811048565,6.12785042789,0.160923241379,0.0,-0.609438189724,-2.20050496281,6.01786700431,-0.0217753096057,0.135018916219,0.0,461.40614179114783,462.95380264415445,462.5313492519587,463.3054960406056
3.5400000000000027,0.862403425429,-1.98383642161,21.9441213532,6.1265198904,0.168818693196,0.0,-0.71877975967,-2.30522675444,6.08201515516,-0.0229884389498,0.123669453098,0.0,467.71650320821254,466.8464698757275,467.7068355418343,467.6123304086785
3.6000000000000028,0.816092480915,-2.12511286682,22.3096423923,6.12528482618,0.175721800135,0.0,-0.825526354386,-2.40408903607,6.10159751452,-0.0161647569836,0.0860375345182,0.0,456.81993338283996,453.81933180800655,454.2642508734776,454.81124652713476
3.660000000000003,0.763048107899,-2.27253437554,22.6774772596,6.12432091159,0.180922403319,0.0,-0.943021184789,-2.51000894073,6.15894121739,-0.0158669632128,0.0879245675685,0.0,467.5151752132896,467.6680089948347,467.6167574604801,467.64006721175457
3.720000000000003,0.70346313073,-2.42581107466,23.0454481723,6.12325523222,0.187099503763,0.0,-1.04362750854,-2.59935140026,6.10675023437,-0.0218478732103,0.122832625247,0.0,433.3522580568021,436.2862725179724,433.03917385036874,432.53570325479416
3.780000000000003,0.637305420194,-2.58483538499,23.4124964293,6.12173261083,0.194367299055,0.0,-1.16223158439,-2.7015682096,6.12770223973,-0.0335816251039,0.117490165998,0.0,457.8136720778335,457.40106909446075,458.1486209213199,457.21440679869625
3.840000000000003,0.562882881207,-2.75085512867,23.7858240704,6.11922180611,0.20174875138,0.0,-1.31909146774,-2.83248352678,6.31500301474,-0.0685737623059,0.132263737076,0.0,507.58927267689205,508.6600940887274,510.3856121275655,507.88057076342204
3.900000000000003,0.480086900222,-2.92383514053,24.1645187061,6.11490566776,0.210079607188,0.0,-1.44143684261,-2.933866045,6.30769528947,-0.0796839714593,0.149520596428,0.0,452.03170536863337,453.4378239826839,453.6823432218747,452.7852497242625
3.960000000000003,0.389429659736,-3.1032704821,24.5444259926,6.11017276486,0.218962665732,0.0,-1.58119484841,-3.04767857333,6.35501009189,-0.0773245441844,0.144940665716,0.0,470.99229829468374,470.6570734961536,471.58595018178437,471.76362703397194
4.020000000000002,0.290370522986,-3.28950915087,24.9264359143,6.10575163514,0.227527422733,0.0,-1.72146439063,-3.16062889771,6.37791181368,-0.067255968311,0.137955366757,0.0,464.93201464071194,464.4022653200128,465.84636909131376,466.629222768568
4.080000000000001,0.18347959848,-3.48204485715,25.3066291789,6.10131323446,0.235651880152,0.0,-1.84223284817,-3.25760664772,6.29513023913,-0.0928621063219,0.129758283863,0.0,432.77256440903585,432.09931431997427,433.70614563854167,431.5447602835175
4.14,0.0697716120677,-3.68006115344,25.6795548289,6.09536200245,0.243370115603,0.0,-1.94868558742,-3.3434456406,6.13609333789,-0.116468512918,0.126297856735,0.0,405.780413704535,405.4864157390306,407.4241385946078,405.2975067727214
4.199999999999998,-0.0513130471653,-3.88398265316,26.046383746,6.08872731523,0.250673702415,0.0,-2.08805193147,-3.45448471127,6.09109763464,-0.100841672162,0.110519292366,0.0,445.6924527776707,444.41388486693745,443.9032934912695,445.1731649053679
4.259999999999997,-0.181429304214,-4.09509274293,26.4125456237,6.08276462897,0.258018256236,0.0,-2.24966740588,-3.58298132002,6.11340800757,-0.0966029231855,0.139278170082,0.0,467.0549851417308,469.3053873848442,466.8175063236426,467.14024643436323
4.319999999999996,-0.320885786372,-4.31364967012,26.7781284514,6.07710722696,0.265910667353,0.0,-2.39951621565,-3.70270723456,6.07215263798,-0.0900277964037,0.10786090058,0.0,450.3469244166938,447.81290611872055,448.5839575229909,449.1102487314043
4.379999999999995,-0.468890451106,-4.53905996309,27.1391248304,6.07188217512,0.273143965869,0.0,-2.53454898591,-3.8114413174,5.96099599513,-0.0817691528503,0.138235302319,0.0,424.25380754445814,426.8677951947228,426.7845171530356,427.48239009622654
4.439999999999993,-0.626788456793,-4.7723325797,27.4992149158,6.06702092016,0.281515379426,0.0,-2.72928827181,-3.96461720842,6.04059538887,-0.0795658112486,0.141980342206,0.0,488.741196909631,489.03642698236587,488.7924783769445,488.95204619115486
4.499999999999992,-0.794897028071,-5.01367856214,27.8584568627,6.06167557498,0.290354850807,0.0,-2.87502611376,-4.08068090008,5.93393272949,-0.12635787099,0.156293948402,0.0,430.43116199368313,431.66206071124026,433.39306328462953,429.4327575692003
4.559999999999991,-0.972779798251,-5.26273971251,28.2141225009,6.05410231736,0.299523395915,0.0,-3.05506571193,-4.22190829354,5.92057911367,-0.125948814197,0.144735837245,0.0,463.67657146673855,462.7883232796138,463.35375688336785,463.37212788019934
4.6199999999999894,-1.16194667814,-5.52064228818,28.5698796997,6.04719363697,0.309377557386,0.0,-3.25114229241,-4.37533507414,5.93671609866,-0.0994185651224,0.187767482751,0.0,472.7650115497023,476.09227774660144,474.59119756445887,476.61235250038993
4.679999999999988,-1.36162803471,-5.78682081485,28.9221279327,6.04155582091,0.321912529475,0.0,-3.40581785578,-4.49775732803,5.80458781522,-0.0848336428873,0.233631663099,0.0,426.2499966577366,430.19502704143696,427.1495986319298,428.384000488496
4.739999999999987,-1.5711411363,-6.06068900821,29.2674032575,6.03669674578,0.336233474866,0.0,-3.57899655793,-4.63155663481,5.70394941525,-0.0742282239808,0.247225573192,0.0,439.1876816677539,440.37128958362115,439.6574733226039,440.5301367514515
4.799999999999986,-1.7915608495,-6.34286634957,29.6073340526,6.03194938114,0.351678891385,0.0,-3.76942717922,-4.77465990259,5.6261679588,-0.0913467763874,0.27247153695,0.0,447.9441613030952,450.0579295376997,450.5234841686483,449.13175066495967
4.859999999999984,-2.02437836396,-6.63419635358,29.94435056,6.02632486519,0.367699786304,0.0,-3.99229570743,-4.93661643408,5.60619473322,-0.0990189878929,0.252958168137,0.0,471.69202575801467,470.24933783394755,471.5498850914716,470.94974934985873
4.919999999999983,-2.27028329676,-6.93496961408,30.2786008511,6.02033906196,0.382972186384,0.0,-4.20557412719,-5.08950999527,5.53428180863,-0.101294117205,0.257523371484,0.0,456.9384320272708,457.3653733409897,457.0920031298858,456.9023239341693
4.979999999999982,-2.52868727746,-7.24466098925,30.6070830568,6.01452714919,0.398763887967,0.0,-4.40895346486,-5.23392017325,5.41419331854,-0.0892270736211,0.272617171702,0.0,442.62491393798433,443.9353030927,442.4313583840598,443.41595353697517
5.0399999999999805,-2.79980786122,-7.56327658357,30.9288393604,6.00923820371,0.414953056336,0.0,-4.62947221717,-5.38690440122,5.30985437483,-0.0860772560989,0.263553445415,0.0,450.88274610302193,450.22201110878854,451.3250046847809,451.57291460982117
